X-ray (ID 01) / Crystal angle ? _c	X-ray (ID 01) / Impulse Imp
? _c/°	Imp/# / s

4.0	592
4.1	576
4.2	462
4.3	370
4.4	318
4.5	224
4.6	243
4.7	221
4.8	187
4.9	183
5.0	166
5.1	122
5.2	84
5.3	86
5.4	72
5.5	81
5.6	96
5.7	92
5.8	89
5.9	89
6.0	96
6.1	82
6.2	92
6.3	82
6.4	102
6.5	94
6.6	99
6.7	85
6.8	89
6.9	92
7.0	77
7.1	104
7.2	94
7.3	103
7.4	151
7.5	173
7.6	192
7.7	199
7.8	219
7.9	238
8.0	249
8.1	273
8.2	257
8.3	249
8.4	284
8.5	272
8.6	284
8.7	272
8.8	292
8.9	313
9.0	337
9.1	314
9.2	311
9.3	334
9.4	299
9.5	306
9.6	299
9.7	318
9.8	338
9.9	295
10.0	314
10.1	319
10.2	354
10.3	302
10.4	294
10.5	313
10.6	327
10.7	304
10.8	331
10.9	306
11.0	303
11.1	300
11.2	294
11.3	298
11.4	270
11.5	258
11.6	266
11.7	231
11.8	230
11.9	225
12.0	201
12.1	198
12.2	241
12.3	191
12.4	194
12.5	176
12.6	187
12.7	172
12.8	160
12.9	167
13.0	158
13.1	147
13.2	148
13.3	133
13.4	129
13.5	102
13.6	101
13.7	108
13.8	93
13.9	81
14.0	84
14.1	77
14.2	71
14.3	86
14.4	73
14.5	65
14.6	63
14.7	69
14.8	67
14.9	49
15.0	56
15.1	72
15.2	68
15.3	61
15.4	53
15.5	51
15.6	38
15.7	56
15.8	55
15.9	45
16.0	66
16.1	39
16.2	51
16.3	57
16.4	56
16.5	49
16.6	39
16.7	43
16.8	42
16.9	37
17.0	42
17.1	49
17.2	38
17.3	53
17.4	50
17.5	32
17.6	50
17.7	32
17.8	40
17.9	34
18.0	46
18.1	39
18.2	44
18.3	46
18.4	63
18.5	61
18.6	90
18.7	116
18.8	164
18.9	168
19.0	217
19.1	181
19.2	200
19.3	174
19.4	161
19.5	169
19.6	184
19.7	181
19.8	263
19.9	298
20.0	475
20.1	526
20.2	800
20.3	1984
20.4	2425
20.5	956
20.6	431
20.7	343
20.8	281
20.9	234
21.0	185
21.1	184
21.2	188
21.3	169
21.4	161
21.5	168
21.6	167
21.7	161
21.8	152
21.9	182
22.0	314
22.1	493
22.2	778
22.3	1012
22.4	1222
22.5	2541
22.6	5902
22.7	6164
22.8	2731
22.9	1174
23.0	803
23.1	540
23.2	233
23.3	130
23.4	129
23.5	129
23.6	116
23.7	89
23.8	93
23.9	81
24.0	88
24.1	72
24.2	95
24.3	83
24.4	78
24.5	75
24.6	69
24.7	57
24.8	63
24.9	58
25.0	62
25.1	76
25.2	52
25.3	63
25.4	53
25.5	52
25.6	39
25.7	42
25.8	40
25.9	57
26.0	49
26.1	36
26.2	42
26.3	43
26.4	23
26.5	46
26.6	23
26.7	37
26.8	27
26.9	27
27.0	39
27.1	32
27.2	31
27.3	31
27.4	26
27.5	29
27.6	22
27.7	20
27.8	36
27.9	26
28.0	24
28.1	19
28.2	22
28.3	31
28.4	31
28.5	23
28.6	21
28.7	12
28.8	19
28.9	18
29.0	20
29.1	21
29.2	14
29.3	18
29.4	24
29.5	7
29.6	19
29.7	18
29.8	19
29.9	14
30.0	19
30.1	14
30.2	16
30.3	13
30.4	16
30.5	10
30.6	8
30.7	18
30.8	7
30.9	9
31.0	14
31.1	18
31.2	19
31.3	10
31.4	12
31.5	17
31.6	18
31.7	17
31.8	15
31.9	17
32.0	12
32.1	16
32.2	9
32.3	13
32.4	16
32.5	11
32.6	10
32.7	12
32.8	16
32.9	15
33.0	13
33.1	16
33.2	12
33.3	19
33.4	8
33.5	11
33.6	18
33.7	19
33.8	11
33.9	14
34.0	15
34.1	16
34.2	13
34.3	10
34.4	8
34.5	15
34.6	6
34.7	14
34.8	14
34.9	12
35.0	7
